# REFERENCE 3 3.586259 -30.400174
64929 0.0 0.0 1.3795006788782538 0.6204993211217463 -13.568676973696512 16.9 0.0
64930 411.0277451257773 145.44283989341662 1.1746037209601095 0.8253962790398904 29.894318481974906 24.295484416849035 0.0
64931 -182.56023495931595 160.58681930075502 1.3988791960950562 0.6011208039049437 -64.2720276031857 21.300651424295324 0.0
64932 352.0011691290374 55.519359863211434 1.1914450214725907 0.8085549785274092 -9.429281954407259 20.45104014194669 0.0
64933 478.3560173330891 -18.11933199534279 1.3324215056665993 0.6675784943334008 -80.41360404313154 19.664502971536535 0.0
64934 -202.097869742723 -188.92204239273465 1.2299923783134692 0.7700076216865308 39.6766329146634 24.43418204105558 0.0
64935 619.1508323286647 -16.42353518352682 1.2586949134415564 0.7413050865584435 -21.17482501674081 18.522960536844153 0.0
64936 398.7974529678318 -0.6269309425501476 1.092316860616945 0.9076831393830549 75.41259061563062 20.428533428079504 0.0
64937 -420.7014951204548 -155.9824740177638 1.2096860353859809 0.7903139646140191 -83.94473893512283 24.318720691568274 0.0
64938 -80.6916649622434 -44.691954158677326 1.138190317173045 0.8618096828269549 71.63716952862418 23.48968111789884 0.0
64939 -35.76075761644653 396.2820210303048 1.221549122794783 0.7784508772052169 48.634045510178765 23.88771235264005 0.0
64940 38.119456818336026 125.6996539813046 1.0192690833291629 0.980730916670837 -51.392278083398736 21.678811900979895 0.0
64941 -94.43789669438802 -75.47837446046367 1.3281249668704125 0.6718750331295876 -55.39181506203779 21.789182536966223 0.0
64942 580.5329140232191 117.62149462319942 1.110484593399043 0.889515406600957 -30.76108766210234 21.521020763284582 0.0
64943 -475.1468503361828 -149.15303776654127 1.338454953787682 0.661545046212318 13.973924014748405 23.270385616189856 0.0
64944 96.03348733096033 -259.7087123405075 1.1978131480943486 0.8021868519056515 17.239360143705184 24.251021259195227 0.0
64945 -144.17356167366347 -194.8470536776553 1.3043814659062507 0.6956185340937493 41.61237665693551 22.278556697732824 0.0
64946 60.00808263630614 78.61816795143204 1.0866032816797393 0.9133967183202607 24.731746189745664 20.828618877298254 0.0
64947 -439.38609271973627 98.16094151305673 1.2429262421700549 0.7570737578299451 -87.25427103603185 20.26259028232755 0.0
64948 141.72750324207436 -479.82827729243843 1.159189554132252 0.840810445867748 47.50607993724185 19.722009532815832 0.0
64949 -302.2295327022386 4.254908364192805 1.2249528686158484 0.7750471313841517 57.6589109483113 21.612127178079504 0.0
64950 -114.93391361538198 236.2553285552708 1.350875713986018 0.6491242860139821 -47.19601677944191 23.739777439004797 0.0
64951 599.2534830700239 445.7273450402845 1.1626725674411367 0.8373274325588632 4.105744053056796 21.415437572366613 0.0
64952 -520.6533008423536 -458.5331803586039 1.3594929583680697 0.6405070416319302 -35.90313220651105 23.989083164102453 0.0
64953 -323.6248358113168 -272.91537235980155 1.3621012361275033 0.6378987638724967 37.324911466251606 22.902038448221106 0.0
64954 35.40361253032166 -244.74972894900353 1.0137357940265377 0.9862642059734623 34.36526475077528 20.245591991311926 0.0
64955 -329.5035980922788 100.19589768723588 1.1464310843261751 0.8535689156738249 22.235784726126425 22.718795650369543 0.0
64956 432.20208077149766 -115.44265265892678 1.0249710742953586 0.9750289257046414 58.83602676557612 22.568263881570715 0.0
64957 46.233587623964574 389.02606618701947 1.1398009839946401 0.8601990160053598 -43.42004952887944 18.606683605081457 0.0
64958 -124.83633924074374 467.76242603745686 1.3922068536560233 0.6077931463439767 -15.617204976996803 24.29282652652921 0.0
64959 379.70432250024925 197.59630002408423 1.2972306048697686 0.7027693951302314 -88.41163759958316 21.310191982156653 0.0
64960 -111.76328745510787 -148.63402116656124 1.0085106287334484 0.9914893712665517 8.862051437624956 23.609382503396887 0.0
64961 -452.2895648241905 91.63983195489166 1.3605034293564393 0.6394965706435607 -32.56701048659923 22.986028545267004 0.0
64962 305.4027282516215 29.111178602840873 1.3400825365782103 0.6599174634217897 -13.392668653296099 19.838641994363684 0.0
64963 153.14329905252643 227.10316454968216 1.2521563637475286 0.7478436362524714 32.30011069369536 24.26904665744962 0.0
64964 27.818775881108394 -35.84811684614615 1.309344885685535 0.690655114314465 -71.0468241707747 23.559341304666418 0.0
64965 -14.668642422208167 129.93914601084452 1.1585521769237612 0.8414478230762388 -56.63101852154783 21.98893534458341 0.0
64966 136.13908193040808 419.00569830863884 1.249390143128456 0.750609856871544 -3.8667595998673505 20.989007823831457 0.0
64967 44.12668855473867 5.524186583945973 1.326217088223763 0.6737829117762371 72.63559676308228 23.3723982504672 0.0
64968 -358.1060376515749 -387.02708146036366 1.2543459227616511 0.7456540772383489 -76.00400257885016 23.337144725686926 0.0
64969 -25.336746001995927 238.71680332151277 1.0837789509200062 0.9162210490799938 -5.495600953925091 23.64784418857755 0.0
64970 -392.5538374334185 -232.01583652573086 1.316416935248205 0.6835830647517952 32.36252217245385 20.243789546853918 0.0
64971 22.87270184664514 14.398856565782898 1.376273681496711 0.6237263185032891 -58.35401449086368 22.09831797397794 0.0
64972 11.862869515385375 48.47409492684871 1.3821351726711486 0.6178648273288514 -19.27006000336698 22.117460124856848 0.0
64973 133.31018452160598 -293.9586691609725 1.348423322967144 0.651576677032856 -29.606736418223612 21.749950282937903 0.0
64974 257.2241130722862 -257.42709481188234 1.324741313972695 0.6752586860273051 -18.348763737338814 23.986729495889563 0.0
64975 -375.4314284122948 -122.80138306656457 1.1505072546484807 0.8494927453515193 -70.84996664234231 24.489130847818274 0.0
64976 -63.19669452034193 182.1696878147765 1.2133382931992767 0.7866617068007233 1.774182295643854 24.256270282632727 0.0
64977 16.68561287262565 197.55518979834324 1.176004385184046 0.8239956148159541 -29.499774601325747 22.6466902426547 0.0
64978 -25.840346267323092 -156.87148264941277 1.2778314115596612 0.7221685884403388 -56.49435724315612 21.114698284036535 0.0
64979 -307.8256621812313 -259.4106632038853 1.2643853687806983 0.7356146312193017 -79.07880299900926 22.959377162820715 0.0
64980 -107.59573832061469 17.82128285872059 1.3392567429759252 0.6607432570240748 41.20393134761389 20.047252529031653 0.0
64981 424.1598928609159 -31.218077672066777 1.314897717888897 0.6851022821111029 -83.77023403788704 20.53668581760587 0.0
64982 166.67884087774848 -31.038220434449933 1.1328432262011487 0.8671567737988514 31.352308807813714 23.132858150369543 0.0
64983 -95.41940333395424 -52.01985189700938 1.3928471485322311 0.607152851467769 -8.64963229064503 18.197168224222082 0.0
64984 512.8063865040415 65.23678947273872 1.1506259365703548 0.8493740634296453 23.787970420499562 17.677408092386145 0.0
64985 -41.75257301819631 -17.502678609227893 1.35302449307276 0.6469755069272402 51.37216046125587 23.48155009067716 0.0
64986 321.666961310402 -262.2318524453609 1.000623882079432 0.999376117920568 88.62350506089973 23.076230876809973 0.0
64987 -53.48697307814108 56.68586251861212 1.1330798764034562 0.8669201235965438 69.54018118683706 24.10214793003263 0.0
64988 57.18432400572166 249.05602509537258 1.10448077878647 0.8955192212135299 -1.5737035798736514 21.086833827859778 0.0
64989 -73.49994484667837 224.2819753082065 1.1229762674376642 0.8770237325623358 -51.868639826347895 20.103507869607824 0.0
64990 -289.6472342363858 -298.3626020934764 1.1973946654112488 0.8026053345887512 45.20536745771844 17.421731822854895 0.0
64991 -336.54115486131514 -165.05755635008805 1.3394982908056476 0.6605017091943524 -25.10824225552328 23.53676592624845 0.0
64992 -289.82709147400266 -335.23847458314737 1.3916232809719666 0.6083767190280335 -33.75230176688937 22.929015987283606 0.0
64993 -189.19696702737755 168.37206830045562 1.3488137566240295 0.6511862433759705 -16.045974227510087 23.232400768167395 0.0
64994 263.994453374006 331.456333814976 1.2691518553772485 0.7308481446227514 32.81661843028513 21.294948451883215 0.0
64995 -202.8198680822992 -74.35812080902161 1.176140769069217 0.8238592309307831 69.08732780523815 22.676202648050207 0.0
64996 9.588960154086685 422.7570064075045 1.184728883812714 0.8152711161872862 -67.14905450240096 19.512292735940832 0.0
64997 -226.7254643506868 97.02013274874416 1.3979527283585331 0.6020472716414669 23.574799282125923 20.89203821933927 0.0
64998 42.15339771917099 -127.26184255946235 1.0896695937333456 0.9103304062666544 -4.372227372815857 20.930112712747473 0.0
64999 -326.27644537161086 29.794636105784885 1.3103278922995298 0.6896721077004703 -76.62216734738888 22.378097408182043 0.0
65000 -586.9949276318815 -205.10919377825076 1.3064590045224085 0.6935409954775914 3.6377929556763604 19.20380007541837 0.0
65001 99.39938706350415 -144.64632926968488 1.0113600789571318 0.9886399210428682 47.05005822827121 22.15033327854337 0.0
65002 -208.2412791018927 0.39054714453943623 1.2020142248772676 0.7979857751227324 -24.73328378808438 18.766927593118567 0.0
65003 11.934812410432114 7.733861217524362 1.1799936415017338 0.8200063584982661 89.25285166381289 20.384746425516028 0.0
65004 72.65718521898802 38.67958364405706 1.3184223577826995 0.6815776422173004 -46.61458700105814 21.29261194980802 0.0
65005 -6.883393422507564 -23.237555100096454 1.3730259424792424 0.6269740575207576 83.80163170703307 22.58876787937345 0.0
65006 8.73078419174345 2.548833995941584 1.357529221104642 0.6424707788953581 4.862465849933372 20.757566326028723 0.0
65007 -88.82121210252481 -65.39609159748507 1.2646567766609582 0.7353432233390418 23.86415940417318 22.69208704746427 0.0
65008 433.6794795090646 286.73868576521056 1.0886685311120305 0.9113314688879695 -31.59571812652198 23.190706127054113 0.0
65009 -109.26327185223373 -223.00241953201808 1.3090286921926857 0.6909713078073143 -63.33747681578506 24.340608470804113 0.0
65010 85.7353757828415 -215.44841555211056 1.1404106848658628 0.859589315134137 -64.54965860693106 23.266843669778723 0.0
65011 113.06082895505797 11.901410352017557 1.0435396518480986 0.9564603481519014 43.097141657951425 21.827127330667395 0.0
65012 -203.31319079119112 112.39535717587565 1.241885666525763 0.7581143334742371 -1.8438435180283932 21.34888064182462 0.0
65013 83.38181535916964 -379.0825303359167 1.2414921229706877 0.7585078770293123 -75.55856025719831 19.842567317850012 0.0
65014 -292.6765439956753 -167.1747329757492 1.232680592917825 0.7673194070821749 67.14607408880508 23.898889415628332 0.0
65015 -94.6254620993313 285.9421751414788 1.218767795038525 0.781232204961475 -37.00647235953709 22.902715556985754 0.0
65016 -106.82235219886225 -213.95303109078193 1.101556000141526 0.8984439998584739 79.75315321127081 24.24737917698087 0.0
65017 -427.12753728159385 -189.00940162243427 1.2025336857499465 0.7974663142500535 5.976193606300214 22.649812572366613 0.0
65018 -119.73610185975177 -41.16161352316953 1.394306829135 0.605693170865 -31.931132969850523 21.261121623880285 0.0
65019 -442.81365779089157 0.15416334652872482 1.284867648606726 0.7151323513932739 -72.03198892604144 20.888814800149817 0.0
65020 -463.3739094396058 171.84074359735195 1.2075226589702532 0.7924773410297468 -8.91153882334666 23.649251811868567 0.0
65021 88.27907100056547 -128.71611679504997 1.140980688075443 0.859019311924557 49.46231199102462 23.84581553257169 0.0
65022 -263.0874590185954 168.67525621529546 1.028046675946177 0.971953324053823 -22.004394952048116 19.894307964212317 0.0
65023 116.25201022820258 72.10733594970223 1.3508706103514114 0.6491293896485886 -69.99503875410969 19.475143306619543 0.0
65024 -552.819483095572 -141.5630623391104 1.311916512590419 0.6880834874095808 -49.94648171398589 22.89722620762052 0.0
65025 -151.67103909317711 266.7899487243936 1.2662380484727698 0.7337619515272302 16.862533468915856 22.472606532937903 0.0
65026 -277.9385280675292 207.18526017817092 1.3031605909811463 0.6968394090188536 -71.28108291012913 24.37637602604093 0.0
65027 -24.152257622833556 -3.8540836632181206 1.1955801433981148 0.8044198566018852 -10.363299165310323 19.71692835605802 0.0
65028 -136.72233325810842 434.88966177931513 1.1973059060798228 0.8026940939201772 -16.01354418375429 24.01252447879972 0.0
65029 22.089038168457456 84.66137113535805 1.3331436716774643 0.6668563283225357 -2.5457825994129735 21.561717861062903 0.0
65030 -30.755587632480605 71.68081735763943 1.2052569380802207 0.7947430619197792 40.42863946110259 23.1988142660922 0.0
65031 -15.9302124746349 -12.050434920328657 1.2237371751000736 0.7762628248999265 17.77924093474323 20.01013552463712 0.0
65032 -382.55634441103064 -205.53571237031358 1.132215438519679 0.867784561480321 8.401544625301554 20.50206362522306 0.0
65033 32.248402704700425 -281.34296863670517 1.1187967118297224 0.8812032881702776 -52.182092089034406 20.968614452249426 0.0
65034 -276.327521096304 -250.30474820225527 1.1601505157122962 0.8398494842877038 -65.9630168257607 20.607034557229895 0.0
65035 -277.6224932071453 -205.12974889112127 1.2144196203345796 0.7855803796654204 -14.01313622052372 23.587753169900793 0.0
65036 -156.05955569102815 -288.05935176713996 1.2605349073619592 0.7394650926380408 -45.321453375328964 18.73216616428556 0.0
65037 -198.10760845673784 -3.5046467444196776 1.2350847283673827 0.7649152716326172 87.50168637697669 20.426551692850012 0.0
65038 40.46530907468146 -3.478952853331557 1.1213285494201273 0.8786714505798726 -64.61107495478879 23.326923244363684 0.0
65039 164.52312341545513 -180.63319312770687 1.040083334627769 0.9599166653722311 -38.31008660475812 20.8402937582797 0.0
65040 379.74543272599027 268.12089228275823 1.3982463420763107 0.6017536579236893 -72.39599167424578 21.670753353006262 0.0
65041 -6.939919982901429 0.9969229742190873 1.3699928300443158 0.6300071699556842 63.3213900573588 21.03146349704923 0.0
65042 731.9932632094736 143.36163471527885 1.3271581501512295 0.6728418498487706 71.72551964954695 22.88067805088224 0.0
65043 -101.58593719510323 -156.0698332474634 1.3324216698644629 0.6675783301355371 -76.74273069084471 17.945434444314856 0.0
65044 37.79828317973452 77.22042027623827 1.3630426544948029 0.636957345505197 -66.22842593723702 23.113416545755285 0.0
65045 14.758571041016591 196.22424623997858 1.1405403218139865 0.8594596781860135 -69.82536226722473 18.273897045022863 0.0
65046 39.923167972722105 190.1656267213997 1.1648097487935827 0.8351902512064173 30.81172104583179 23.990558498269934 0.0
65047 1.5467722435048725 19.208752977479115 1.3783314086083687 0.6216685913916312 0.38340692099353646 22.665641658670324 0.0
65048 -339.97642809979686 150.6073120021289 1.1739321844329262 0.8260678155670739 81.39453655686145 23.410005443460363 0.0
65049 75.04157831196562 23.22727754366121 1.3234089008465362 0.6765910991534638 -76.77367300798603 18.154901378518957 0.0
65050 -106.68103579787758 -320.1253278451147 1.285096891495015 0.7149031085049852 -43.953831680615494 21.564208858377356 0.0
65051 -55.50651291766737 -34.018711800671944 1.1498283612534315 0.8501716387465685 58.499213157701064 20.228603237039465 0.0
65052 -220.5332365984497 -161.3011094730048 1.2153277660062505 0.7846722339937495 -34.91741555486533 22.634683483011145 0.0
65053 249.91420105771581 -14.722599593493221 1.304678508617771 0.695321491382229 59.37878967057915 20.319660060769934 0.0
65054 -212.52702013539124 -277.99762401703185 1.1107174617244344 0.8892825382755656 41.13090040677682 20.64563929355802 0.0
65055 1.438857900934765 -4.558096279032631 1.2332813381999523 0.7667186618000477 -22.13238295888449 17.787250392801184 0.0
65056 74.5919352179235 135.566108159143 1.039052505894416 0.9609474941055841 -86.0282744701595 20.782693736917395 0.0
65057 -416.0277763315256 -254.50826878427182 1.1286929004636135 0.8713070995363864 -69.39628794710445 19.151693218118567 0.0
65058 415.4907740077839 21.685644078373958 1.2371949274486032 0.7628050725513968 4.572767837744308 21.137384288675207 0.0
65059 575.9337075184454 220.88524290635692 1.0517785019133439 0.9482214980866561 -7.158459190979215 21.112527721292395 0.0
65060 -330.9964131644986 -153.74196671487965 1.1822500563491791 0.8177499436508209 20.11496143098077 20.47028528965177 0.0
65061 7.479491695751967 2.137731738531651 1.1455702098837275 0.8544297901162724 41.691357117076166 21.5988329581088 0.0
65062 -553.6545345559359 9.52215603725757 1.1760315596646607 0.8239684403353393 -32.43938853076457 23.898724429971594 0.0
65063 -83.55139504035124 -204.45143016639486 1.117630430362551 0.882369569637449 8.346255591196709 23.75671755588712 0.0
65064 -106.78124197312125 191.98989298865627 1.1812944485884471 0.8187055514115529 14.759760518032081 22.74648272312345 0.0
65065 -352.73601441415764 -251.17320172103373 1.198605319441691 0.8013946805583091 -14.816592941687944 18.5760058096713 0.0
65066 -124.85432496450542 -81.38283063251384 1.369064154832485 0.6309358451675151 -33.02904010460151 20.069513194925207 0.0
65067 42.04291398749207 225.1298737141145 1.061015243550314 0.938984756449686 -46.082817701365094 22.69020258701505 0.0
65068 -114.33267656391996 -134.56404640670627 1.1890139462836948 0.810986053716305 67.41044658248765 24.174900882608313 0.0
65069 -49.052207476331425 -63.73626623319247 1.0572735137830251 0.942726486216975 -80.60994846920916 22.23113619602384 0.0
65070 58.448463447257204 122.72944017151784 1.2191020077060135 0.7808979922939865 -37.24893596374996 23.104728572732824 0.0
65071 -111.29565863730407 -33.366086967033674 1.2532399825731515 0.7467600174268484 -34.872501218916945 23.046110027200598 0.0
65072 -23.63581041196233 44.03932932503906 1.298880784286493 0.7011192157135071 -17.003983614622257 24.451771610147375 0.0
65073 -325.9141615072684 -229.33339429613105 1.2148481221535279 0.7851518778464721 4.062230244791749 22.17538439548673 0.0
65074 -462.12518633272316 -333.97947391982945 1.2887447448133764 0.7112552551866236 72.19753054093746 21.424363963968176 0.0
65075 -431.43640281707167 19.57360623093043 1.2679110564814133 0.7320889435185867 38.57274836661534 21.890136592752356 0.0
65076 392.42279858886906 -129.3533252940354 1.193847783383715 0.8061522166162849 24.8297593220572 21.804742687112707 0.0
65077 -71.56262545863406 -271.3069347776852 1.3120959438322903 0.6879040561677097 -18.41973584403668 21.319892757303137 0.0
65078 -181.15991789501336 -190.5921453134625 1.2482508222865185 0.7517491777134816 35.86538824541884 19.776697032815832 0.0
65079 38.897981718306085 -17.605454173580377 1.2470153477429575 0.7529846522570425 -83.48980253589177 20.077358119851965 0.0
65080 -39.76386584797576 362.849129946442 1.271715770719441 0.7282842292805589 12.511231427126376 18.310832851297278 0.0
65081 -190.5484656986127 113.01201056199055 1.2074472658146471 0.7925527341853529 68.45204787923078 20.387084834939856 0.0
65082 -183.17431895632203 -304.96593210312346 1.1756621157165874 0.8243378842834126 -44.115665643761005 24.474595897561926 0.0
65083 -13.198951851967658 -142.457209748977 1.0947961562696096 0.9052038437303905 31.333744790067826 21.067167156106848 0.0
65084 22.204660678354 -62.84211882332586 1.1085875341702895 0.8914124658297105 -45.36436160917231 20.65186487949552 0.0
65085 348.98984509350964 215.14008885905312 1.3497699939587773 0.6502300060412226 -14.035821924685735 22.9826220206088 0.0
65086 96.4548671448055 57.26140567898602 1.1947755553258466 0.8052244446741534 -59.829502988209185 19.029390209085363 0.0
65087 329.0950652239777 -41.38771976474499 1.2621407277865377 0.7378592722134623 -9.98654819641034 20.477340572244543 0.0
65088 -60.46286450856588 -93.16091030730841 1.2934390861617775 0.7065609138382225 -21.556341638319182 21.946609371072668 0.0
65089 -169.4075321113069 -52.929415641528855 1.1558561598971953 0.8441438401028049 -83.79172606220973 23.132823818094153 0.0
65090 -90.12903115891017 71.2286048744885 1.3037800380014692 0.6962199619985309 9.787503694730091 18.505931728250403 0.0
65091 62.382198172848504 -205.78237372475954 1.187941455499988 0.8120585445000119 -75.32980773149524 24.214076869851965 0.0
65092 299.2541801142342 -224.50808154978196 1.3918638048979635 0.6081361951020365 52.58556948790999 23.449123256570715 0.0
65093 178.27449392581738 114.28642755996134 1.1085535544586849 0.8914464455413152 -34.06955698338089 24.027662151224035 0.0
65094 -310.7778902672564 -190.66408820850924 1.3565251893258006 0.6434748106741994 -14.50687115428741 23.802386157876867 0.0
65095 14.352607561824282 -19.57360623093043 1.2432240540804653 0.7567759459195346 -49.653197194075695 18.606267803079504 0.0
65096 -524.366068104587 154.3226486534712 1.168997516747511 0.8310024832524888 22.037273444756423 23.554180019266028 0.0
65097 -231.30411574258991 -201.3938571269085 1.1509151797338655 0.8490848202661345 43.91946148207529 21.954723232156653 0.0
65098 -120.09067755676783 -110.7920583719769 1.2962949990426382 0.7037050009573618 -42.90981873628914 23.186971538431067 0.0
65099 144.35598830038913 200.1605503546787 1.3958475856097006 0.6041524143902995 -9.16678310507264 24.30807768619718 0.0
65100 -507.3695591497951 110.96163805315851 1.2686083793600877 0.7313916206399123 38.5286320805923 20.31755434787931 0.0
65101 160.46348862353204 -184.64144013745374 1.1059430333577354 0.8940569666422645 0.5023874447634995 21.614419811136145 0.0
65102 31.189814391869845 15.185089633079397 1.3423818887855767 0.6576181112144234 -63.55679279330896 24.256609790689367 0.0
65103 439.26276204251326 -154.89305303562745 1.0509218223628973 0.9490781776371027 -49.23749654033587 23.26791941440763 0.0
65104 -22.592638433784625 -312.1448052731444 1.3606524326362428 0.6393475673637572 24.59017207270533 22.781736247903723 0.0
65105 560.8693791734802 524.8080030313026 1.0803428255042702 0.9196571744957297 32.371415538018454 22.52232729709806 0.0
65106 274.99143875972175 263.19280397205665 1.2478490686931714 0.7521509313068288 -79.57735357285418 22.596095912820715 0.0
65107 8.378777883836195 22.718538500116416 1.0393019674741633 0.9606980325258367 42.497853352170665 22.36125551975431 0.0
65108 65.69157134499847 -47.086624808090185 1.2236085062121957 0.7763914937878043 68.32224790795485 23.869160526163 0.0
65109 -135.41194481261428 -80.44757299690625 1.2733254734731205 0.7266745265268795 -82.29272878070933 24.43821226871671 0.0
65110 -112.41591228874614 197.79671237457157 1.2621058213457335 0.7378941786542665 60.32561962096969 23.821456783182043 0.0
65111 543.1226085989152 86.79910287388971 1.3784762833752489 0.6215237166247511 53.003449067952545 23.715567462808508 0.0
65112 342.20408845713695 219.46694011829265 1.0685934541728428 0.9314065458271572 7.471498050881095 23.31573664463224 0.0
65113 -122.01771938837689 -224.22544874781264 1.1464888219075708 0.8535111780924292 19.461863766533853 20.87513148105802 0.0
65114 -37.662105556967475 -146.96391824583338 1.0499319066166328 0.9500680933833672 46.94275417834575 23.35039889133634 0.0
65115 -75.01845380998631 423.4661578015366 1.1123547784991128 0.8876452215008872 59.80534737015833 20.930234783059973 0.0
65116 -153.17156233272337 -301.9134978418547 1.0399279384492053 0.9600720615507947 12.271092725076116 24.39235674656095 0.0
65117 -225.13758188144092 -202.67855168131453 1.1505924910435399 0.8494075089564601 28.465643582523327 21.56347262180509 0.0
65118 -36.38254978077906 -48.29937646744949 1.0031476754413777 0.9968523245586224 8.43204357449845 22.583557002908606 0.0
65119 -131.55786114939613 -150.797446796181 1.1082571138096462 0.8917428861903538 -62.69454328253235 21.61967837131681 0.0
65120 177.43430368723585 -275.9832229557232 1.2394629262334478 0.7605370737665523 42.48092592288057 20.316636913186926 0.0
65121 -183.17431895632203 -196.85117718252874 1.3384773289731022 0.6615226710268977 40.81157483446157 23.8880175284213 0.0
65122 -503.90345324200763 -252.95635776254932 1.0529025866450703 0.9470974133549297 73.93144025622155 21.88181864536466 0.0
65123 547.295296511626 -72.32830341306007 1.269372081748886 0.7306279182511141 81.35071386409567 23.441276424295324 0.0
65124 655.1505431322307 224.261420195336 1.1216471985272591 0.878352801472741 72.82424792746042 19.977645748025793 0.0
65125 -532.1949967191374 160.1140517047336 1.2564897867967972 0.7435102132032028 -86.84894156699387 20.16261469639005 0.0
65126 -55.819978388942445 -12.353622835168483 1.2182608976509204 0.7817391023490795 5.188008691211365 22.90576540744962 0.0
65127 -16.32589839739196 -4.265185920628054 1.3527706590689546 0.6472293409310454 71.70837417352027 23.897148006326574 0.0
65128 -71.60373568437505 -56.644752292871125 1.365678301654634 0.634321698345366 5.0767275693775815 23.25207888401212 0.0
65129 60.42946245015132 -210.4586619027975 1.076114241092381 0.923885758907619 -54.29293605396736 19.828698985940832 0.0
65130 519.7129044285283 230.8082236445892 1.2498758080065753 0.7501241919934247 -28.20469475858544 18.06097590244474 0.0
65131 15.51140204989853 88.17629543621298 1.380033568468798 0.6199664315312019 -42.990023022905405 23.111131542093176 0.0
65134 62.816424932237744 -358.31158878027986 1.2683133758318008 0.7316866241681992 57.53386835273503 23.29961764133634 0.0
65135 413.219434035594 -5.570435587904591 1.3610252927067905 0.6389747072932096 29.87503465897457 19.725030773050207 0.0
65136 77.09195082079766 32.867625479924136 1.1622948621600984 0.8377051378399016 -60.977259784443106 23.544401042825598 0.0
65137 -73.11967525857419 -68.20700328252549 1.2435831648808442 0.7564168351191557 42.774917314838575 20.958711498147863 0.0
65138 -305.24342612687514 145.12423564392392 1.2001689662054138 0.7998310337945862 11.005623258638778 24.151659839517492 0.0
65139 89.38133892824584 201.81523694075366 1.1973698638050776 0.8026301361949225 1.872616056086045 19.603906505472082 0.0
65140 -612.1980654002192 183.6547947196699 1.3730415473765065 0.6269584526234934 -38.249247958083785 18.08216273105802 0.0
65141 -217.95870871141997 -170.04217122118348 1.3168732682719198 0.6831267317280802 88.89362431779642 23.84288393772306 0.0
65142 139.31998564711745 253.9738358496389 1.154023360645248 0.8459766393547521 85.6905284741724 23.107541911966223 0.0
65143 325.1921631676922 110.72011547693018 1.2859703378442076 0.7140296621557924 -38.192590324165394 19.49657809055509 0.0
65144 -165.6228219540267 21.618839961544847 1.1942252295169147 0.8057747704830853 22.510590820026763 21.9152392081088 0.0
65145 262.5761505859418 213.41345937793142 1.3433131230017938 0.6566868769982063 -36.32058733391002 23.71685396946134 0.0
65146 -56.773221748311734 134.6308505235354 1.370819268180643 0.629180731819357 87.49504832293965 17.7099169424838 0.0
65147 28.016618842486924 71.8247031477329 1.2437957046180421 0.756204295381958 12.624066331426945 23.821575038797278 0.0
65148 -39.84094752124012 -18.51501791809985 1.3516671166317553 0.6483328833682447 -10.752673412309306 20.603618495828528 0.0
65149 32.94727654229731 47.78035986746945 1.3474781446658084 0.6525218553341916 25.483914126588587 21.61215197361173 0.0
65150 -498.0118440155015 58.42276955616909 1.3869528079851032 0.6130471920148968 18.42039226346205 22.810926311380285 0.0
65151 139.8004614104653 466.4057885880041 1.068166406870293 0.931833593129707 -69.26911106874326 22.134048335916418 0.0
65152 -255.89060012481272 129.2711048425534 1.1933456125790596 0.8066543874209403 -21.640771184915167 23.318311565286535 0.0
65153 -162.50615296503764 -71.44957233784633 1.1591703518496617 0.8408296481503383 71.48393031468342 19.984084957010168 0.0
65154 205.55369809407526 -278.13123225069006 1.3679562318192962 0.6320437681807038 -34.08764701555728 18.683103435403723 0.0
65156 282.17288131885147 230.99835843864128 1.0748856753637703 0.9251143246362297 81.48930731829319 19.292018764383215 0.0
65157 -223.29019111220504 -280.6852050248493 1.1706918960733967 0.8293081039266033 -58.81753705113024 20.194877498514074 0.0
65158 -46.36462646851399 -207.00540294055406 1.2407562827932392 0.7592437172067608 -66.21110521381976 23.560384624368567 0.0
65159 -225.17869210718192 9.609515266957182 1.2488469593273304 0.7511530406726696 72.77993775523765 22.068136089212317 0.0
65160 36.25408032533846 15.10286918159741 1.2682676949335159 0.7317323050664842 1.01282199795736 24.121541850931067 0.0
65162 180.28889498712607 133.9319766859385 1.0872536641522916 0.9127463358477084 -68.7315053000424 21.903989665872473 0.0
65163 -161.50922999081857 -462.35643135251627 1.111718771661823 0.888281228338177 11.838990003395438 23.302928798562903 0.0
65165 -150.62786711499942 -69.31184059931468 1.0183887781028942 0.9816112218971058 30.811065656191815 21.92176996982755 0.0
65166 167.1901493104021 -130.76648930388203 1.3094547134940862 0.6905452865059137 -22.97694410253925 23.57180773533048 0.0
65167 -146.3524036379361 -31.60348603838859 1.1931204916140663 0.8068795083859338 89.76001270981871 18.98709093845548 0.0
65168 542.8219900731842 0.447073704933302 1.029670102434177 0.970329897565823 -13.914952720539205 23.771201007730383 0.0
65169 101.60392291886491 72.1433073972256 1.2650374716552184 0.7349625283447816 54.84357613652958 20.771068447000403 0.0
65170 -524.3018333768667 65.94080208855323 1.1815999851046322 0.8184000148953678 73.06189983919452 23.846460216409582 0.0
65171 9.928119516449879 -32.805960141312646 1.2216532456802578 0.7783467543197422 86.73772216322274 19.331075542337317 0.0
65174 301.0399055448586 20.991909018994697 1.0755609366027121 0.9244390633972879 81.4384095683204 19.910371654397863 0.0
65175 -225.59236375370065 23.59726957533015 1.083883579473163 0.9161164205268372 4.09746351217305 22.1269148520297 0.0
65177 31.839869836399302 468.1118629562553 1.0623499828773622 0.9376500171226378 -83.61292917355837 23.80980288303556 0.0
65178 63.7645295133894 47.31786982788327 1.3544593998509362 0.6455406001490638 34.720023028155396 21.45677553928556 0.0
65181 1.3283741692558455 -210.1143637622167 1.022949011473541 0.9770509885264592 -86.25563526688896 22.339200847513098 0.0
65182 479.1422504003856 46.58302454276302 1.1884749709706968 0.8115250290293031 72.42722474223712 18.744222514993567 0.0
65185 -247.68397131126693 101.89169449905187 1.130262008899625 0.8697379911003751 -61.80450569983866 24.310798519021887 0.0
65186 -166.88953078467105 -119.36354043897401 1.1233827305178798 0.8766172694821202 -27.717102587292906 22.02232729709806 0.0
65187 85.84842890362923 -27.857316717740577 1.3803443539515166 0.6196556460484834 33.14360964540998 22.253215663797278 0.0
65188 271.3480450034262 -120.87434123495551 1.1854115909202496 0.8145884090797504 56.906400925458286 18.495599620706457 0.0
65190 305.1868995664813 -204.59017717827072 1.129127182822793 0.8708728171772071 -20.36088424362275 22.89081179416837 0.0
65191 426.0252693539134 -116.9174820073849 1.3576579171283707 0.6423420828716293 80.9542433200109 19.09001719272794 0.0
65192 32.20472308985062 46.30039174079369 1.2982486958295243 0.7017513041704758 24.806793730223603 22.785135143167395 0.0
65194 -452.56192006972464 -144.34828013306267 1.1367819978554625 0.8632180021445375 70.43944934795985 23.630077236062903 0.0
65195 225.28403706064321 37.88307302032531 1.1180330518489585 0.8819669481510415 -57.318846071285435 19.815875881082434 0.0
65196 -57.407860858188315 68.34061151618371 1.0205701404227272 0.9794298595772727 -5.839400971207198 24.412671916849035 0.0
65199 269.2000357084593 87.59047471940383 1.0456631525816065 0.9543368474183935 63.51401180517291 21.80719935215177 0.0
65200 656.3401702896107 482.96293200518915 1.1505762624570317 0.8494237375429682 0.9076687526699345 23.482101314432043 0.0
65201 454.96172949735507 121.24947204484208 1.3531794457159785 0.6468205542840215 18.453922489909047 19.03320490635099 0.0
65202 -212.61180997598203 -87.84741363028503 1.2207533807483302 0.7792466192516698 -0.11435480384912466 17.123407237893957 0.0
65203 386.9474303979905 158.0071526355077 1.2452472192266912 0.7547527807733087 32.79649654034027 22.969367854959387 0.0
65204 -180.22466025940577 -175.90037838927503 1.0725598913932037 0.9274401086067964 49.63786646111379 23.65817248142423 0.0
65205 505.8176481280726 -75.43212545650506 1.0408112913772645 0.9591887086227356 -36.44846631021671 21.61175905979337 0.0
65206 520.3526823166226 174.82123496357394 1.1797186611981543 0.8202813388018457 84.45598664496981 19.36143290317716 0.0
65209 244.54160843118976 -9.763678613485906 1.1195807466504857 0.8804192533495142 87.70773392778185 21.76397311008634 0.0
65210 132.3569411622367 518.4307792632311 1.3736555987989263 0.6263444012010737 79.59291752424437 21.540738933450598 0.0
65213 62.0841490362263 -197.0567283112337 1.2589905650886577 0.7410094349113423 -49.68781010947929 19.89091860569181 0.0
65214 273.5757053607663 292.365647913509 1.2636648954501954 0.7363351045498046 -38.600012955245134 23.80214106357755 0.0
65216 -67.81902552709487 -234.12273559495677 1.1042292210639584 0.8957707789360416 -2.608588906988288 22.724140041238684 0.0
65218 -114.64357264608621 122.13848067649106 1.3496036427996208 0.6503963572003794 45.93128267783831 23.924280040628332 0.0
65219 213.7911595769268 -96.83513673290969 1.2015261612837755 0.7984738387162243 38.977760198393696 20.227620952493567 0.0
65220 -377.8415153963605 -129.39443551977638 1.0932555199333878 0.9067444800666122 80.45391688104897 21.5508593252963 0.0
65222 9.547849928345691 -9.897286847144134 1.173776308220861 0.8262236917791389 -34.259932813954855 24.45018088138761 0.0
65223 -343.26524615907636 -315.55695400964686 1.3688782210054316 0.6311217789945684 3.760828525685625 22.899385326272863 0.0
65224 60.298423605601904 -47.26648204570703 1.307700972795924 0.6922990272040761 17.42236383401206 23.869814746744055 0.0
65227 1.8088499326037046 -11.048373167891945 1.2503832453262418 0.7496167546737583 -41.21358644462001 23.387992732889074 0.0
65228 -337.48412066424913 -250.97792814876402 1.2814277766874187 0.7185722233125813 77.13811554714016 20.91026675022306 0.0
65231 15.59876127959814 3.4018711800671944 1.304508401790918 0.695491598209082 -47.410574813070106 23.745167606241125 0.0
65234 25.005294806959167 5.8839010591796645 1.1746429237399416 0.8253570762600584 52.659913851727765 19.18164240635099 0.0
65236 449.42469596786503 130.206362478161 1.1768687570133802 0.8231312429866198 7.023955426100557 23.595056407815832 0.0
65237 549.2197689541263 98.06330472692187 1.121429952522031 0.8785700474779691 35.73297326783995 24.16468512333097 0.0
65239 607.9251713122646 -84.04985652746078 1.2070208511062357 0.7929791488937643 -48.22956696722126 20.626384609109778 0.0
65240 -305.4618242011242 25.827499321779033 1.160951956618781 0.8390480433812191 -43.4983680987902 23.66016566074552 0.0
65241 52.64678283955953 85.755930895712 1.1259605488680164 0.8740394511319836 -0.9115570654147831 17.68802439487638 0.0
65242 -83.24049895818497 -254.47743611496608 1.2200793443552345 0.7799206556447655 -74.19744687460536 20.652084224588293 0.0
65243 38.99561850444095 -79.55342558703964 1.280636652054901 0.719363347945099 -88.2001632059766 23.97129904545011 0.0
65246 -166.43988769062895 -108.30488971464682 1.101611954148696 0.8983880458513039 -18.73693816625746 23.696690433389563 0.0
65247 -19.27812648341704 13.977476751937719 1.3266986597349488 0.6733013402650511 -12.58803522301649 23.873808734781164 0.0
65248 -135.0959099522304 96.14140167353042 1.3257729747030085 0.6742270252969915 5.672024603242676 22.969591014749426 0.0
65249 -357.5972986080301 134.42529939483043 1.1436690089193955 0.8563309910806045 -78.1199976427223 18.415349834329504 0.0
65250 131.91500623552102 -108.79307364532112 1.0594888338432904 0.9405111661567097 -5.720807471319944 22.250623577005285 0.0
65253 163.72404340261457 -165.29907892631638 1.0771842634702198 0.9228157365297802 4.361989469213853 22.609523647195715 0.0
65254 -153.51329108419537 38.63847341831607 1.3630564428254681 0.636943557174532 5.296402562861672 24.25383364475431 0.0
65255 438.4790983643256 -256.9286333247728 1.1765083332994601 0.8234916667005399 -32.52457703725754 23.272230022317785 0.0
65257 41.06397673703467 144.34314135484505 1.303320138409771 0.6966798615902291 -32.82804188342586 18.48424326694669 0.0
65258 -257.3731376405973 -154.94957959602132 1.1426448569437675 0.8573551430562325 81.12171538130997 23.606073253518957 0.0
65262 439.42720294547723 -60.7866075362762 1.1270590933507043 0.8729409066492956 -77.91935993282829 20.650131099588293 0.0
65263 -85.30628780166988 -411.42086165942555 1.051469984196576 0.948530015803424 -56.95407599886198 23.01923548496427 0.0
65264 179.3613455188449 -92.04065665586634 1.3522075680236458 0.6477924319763542 -64.40179312199774 23.266193263894934 0.0
65265 70.05182466265256 283.15695734752654 1.022626016471295 0.9773739835287049 -71.73736123422117 22.258178584939856 0.0
65266 -238.06674787698333 -80.58118123056447 1.3036648727888285 0.6963351272111715 -28.30448941643587 23.087600582010168 0.0
65267 -387.62061034449926 -190.8233903332556 1.1302917692965795 0.8697082307034205 72.44701291459774 21.486844890481848 0.0
65274 126.4653319357306 55.96643356814474 1.351596339058084 0.6484036609419159 -52.2417643649097 20.946514003641028 0.0
65275 436.61886064954564 -146.66073033099354 1.1396913124039114 0.8603086875960886 -82.93053357283094 24.37372195041837 0.0
65277 412.6130582059144 36.42366000652005 1.1550270559259304 0.8449729440740698 -15.679109192373204 24.46984755314054 0.0
65280 172.5961439953427 203.91699723176197 1.1559211850806768 0.8440788149193231 83.22154933686215 21.673780315286535 0.0
65282 -30.44212216120553 558.3282533448651 1.2563106835204503 0.7436893164795497 -73.79340499563668 22.95150744236173 0.0
65284 -100.42714270702898 -101.62961680995303 1.1917904827595653 0.8082095172404348 20.53115485672697 19.651414745218176 0.0
65286 250.71071168144758 1.942458166261933 1.196456481528978 0.803543518471022 -5.19512170457763 23.832055919534582 0.0
65290 612.3188266883334 -3.987691896876349 1.2301261418144112 0.769873858185589 -38.84834415146803 20.151847713357824 0.0
65291 -148.97831930714204 -175.1038677655433 1.2838323379063095 0.7161676620936904 -9.072305829094375 21.661865108377356 0.0
65293 -190.270971674861 150.11398929323698 1.3458577653643853 0.6541422346356146 70.15022306791056 18.852353923684973 0.0
65294 -24.321837304015155 69.17309358743883 1.0901457854629024 0.9098542145370976 68.44595468339 19.647899501687903 0.0
65295 54.584102227603836 511.85828192288983 1.2159429325868507 0.7840570674131493 43.01765789466819 20.123723857767004 0.0
65297 191.2267844233391 82.34892093742718 1.3951421805586544 0.6048578194413456 -18.793059444136276 22.642145030862707 0.0
65299 -5.637239704733704 455.8455993507865 1.2583219774067684 0.7416780225932316 78.6683112428031 21.401317470437903 0.0
65302 356.90099415954205 -7.836636781876845 1.122677292205095 0.8773227077949052 -46.854052137574435 22.573295467264074 0.0
65303 119.55881401124373 313.804630637437 1.2728606395771531 0.7271393604228468 -6.192417832568566 22.571390025979895 0.0
65305 -140.17559222035186 133.98850324633239 1.362996355018376 0.6370036449816241 66.47461595888598 22.73618113315763 0.0
65307 -171.10075953401406 88.89572438668036 1.1889960578781202 0.8110039421218798 31.3320224923352 22.255395763284582 0.0
65308 -187.04381895419303 -62.4669880134393 1.0687482456605142 0.9312517543394858 32.698250686291274 24.49730002201261 0.0
65310 -91.94815864794911 -24.003233054522457 1.2452260114481906 0.7547739885518094 69.20426598432093 23.07608591831388 0.0
65312 52.44380109996337 -44.71764804976545 1.162656623225451 0.8373433767745491 -15.296994220194364 20.332601421243567 0.0
65313 23.74886353275006 16.942551783506858 1.3812787490204488 0.6187212509795512 21.575383618736595 22.0307177237338 0.0
65314 456.43655884581324 34.63022640856922 1.3357851193142318 0.6642148806857682 39.11400524141018 24.297904842264074 0.0
65318 -101.33670645154845 437.243222202987 1.056220751767156 0.943779248232844 -2.7932291619562477 20.981241100198645 0.0
65319 -100.77657962582742 90.55554975097296 1.332232992923645 0.667767007076355 -76.53237666872573 19.604396694070715 0.0
65320 -49.676569029772764 -135.98234919477053 1.0043729189869046 0.9956270810130953 -10.60781936854842 21.87733637607755 0.0
65322 -3.0781281523568724 0.0668041168291141 1.3098911509604398 0.6901088490395602 75.32195119149799 23.29718958652677 0.0
65327 -319.27229066098914 -51.593333304946576 1.2574991094010506 0.7425008905989495 -77.78210767214779 19.13506113804044 0.0
65337 11.803773565882699 52.56456238807754 1.0876994770507296 0.9123005229492706 -30.82412031873143 23.627073161966223 0.0
65338 -140.34003312331583 216.45561608276492 1.3891621194236206 0.6108378805763796 36.12675520348536 24.123336665994543 0.0
65340 497.5981723689828 -64.17820115990814 1.385271141655576 0.6147288583444239 53.532543526063876 22.117341869241613 0.0
65341 -40.06448437370677 -36.09991697880973 1.2900263732313082 0.7099736267686917 -43.96280112511402 21.932062023050207 0.0
65342 -35.62714938278831 -141.8868053668207 1.3225307932920936 0.6774692067079064 -79.56356246989498 19.39073550022306 0.0
65347 77.21271210891183 121.61946407651102 1.1852589134683673 0.8147410865316326 14.984206418447982 23.634895198709387 0.0
65348 -135.3143080264794 -257.0159925544724 1.1613762545393738 0.8386237454606262 13.828269754887089 20.804239147073645 0.0
65350 -90.86901522224804 -227.59134848035646 1.1819493118218534 0.8180506881781466 86.07160869816073 20.603732936746496 0.0
65363 65.6761550103456 81.0128386008449 1.0934210036181322 0.9065789963818678 85.39470835822743 21.564967983133215 0.0
65364 43.65392095871725 -353.0237859943446 1.157681852202718 0.8423181477972822 7.049730483699051 23.05199229038419 0.0
65366 200.97504670217214 0.10791434257010737 1.2308031520622222 0.7691968479377779 -14.056702138826694 19.27414500034513 0.0
65367 210.7310171483316 255.21742017830397 1.1708574296930294 0.8291425703069706 -66.64435639043887 24.001836650735754 0.0
65368 57.41556902551475 134.58460151957678 1.3448013426788519 0.6551986573211481 80.31683928864854 22.144477718240637 0.0
65370 65.46803449253181 131.3780039117793 1.2247237502238215 0.7752762497761786 34.77032280577694 23.847002857095617 0.0
65374 476.00502629852605 -14.856207827151449 1.3998747464120762 0.6001252535879237 13.48059687521122 23.53030955112638 0.0
65376 35.06188377884965 95.85363009334347 1.0698731864953008 0.9301268135046991 47.167053987807805 23.24182307041349 0.0
65379 225.04251448441488 -66.5060676924919 1.1989164297598391 0.8010835702401609 -23.805548231916774 20.582294338113684 0.0
65383 -35.74020250357604 -198.18725951911102 1.110431670832247 0.8895683291677531 -25.006493707696436 22.71105562961759 0.0
65385 113.52331899464416 -122.20528479332017 1.1473168917543908 0.8526831082456093 52.40538898623842 20.763448589212317 0.0
65386 -65.46803449253181 12.661949528225932 1.2590842283724029 0.7409157716275971 81.01331038027607 24.228900783426184 0.0
65399 583.8320096389338 114.32753778570233 1.234474639241243 0.7655253607587571 37.88932454013599 20.103513591653723 0.0
65400 -34.833208148165376 -0.05652656039386577 1.3373561256962307 0.6626438743037693 -50.13023591203642 24.041464679605383 0.0
65423 108.63891029879238 72.23066662692521 1.3095944833955382 0.6904055166044618 -31.317249641539547 18.790372722513098 0.0
65429 -77.292363171285 -66.23885122517544 1.2260220280427112 0.7739779719572888 89.40252508437948 20.278158061868567 0.0
65431 72.86530573680179 139.64629806393657 1.3917991467129671 0.6082008532870329 -51.17034267056648 20.709243648416418 0.0
65436 -54.90270647709654 -34.804944867968445 1.0970358714279476 0.9029641285720524 12.226404373965835 18.68708216465177 0.0
65444 -104.54587344845474 -114.65128081341265 1.1904757235514893 0.8095242764485107 -2.7038480891056054 19.236627452737707 0.0
65449 -174.20458157745907 -162.93524094620926 1.371641406500363 0.6283585934996369 -18.018225780958858 22.332025401956457 0.0
65462 53.715648708825356 -134.96487110768098 1.3293096265892697 0.6706903734107302 81.53164203897578 20.72697245395841 0.0
65479 448.4971464995839 14.984677282592054 1.3579360458453 0.6420639541547001 -83.446263143213 20.544845455057043 0.0
65480 105.62501687415582 -182.04121835933591 1.0779090732638703 0.9220909267361296 55.02396111018169 21.07437693393888 0.0
65481 -270.1301545658493 165.74615263124969 1.2281202584592592 0.7718797415407408 -87.55663012978388 23.925783985025305 0.0
65485 -38.95193888959114 56.68586251861212 1.2006183515918303 0.7993816484081698 71.7098484875861 24.485900752908606 0.0
65486 53.325101564285916 107.3233830750806 1.2950602336970174 0.7049397663029826 75.04638448352341 21.09891306675138 0.0
65488 46.8759349011676 93.91631070529917 1.05229342449263 0.9477065755073698 4.742012484860112 21.648889415628332 0.0
65503 -89.47897571438071 -121.90723565669798 1.344866818130976 0.655133181869024 -14.741191345231186 23.28787791050138 0.0
65515 -122.83478512497913 -98.92661946748272 1.2596062022146501 0.74039379778535 1.3935658302362413 21.72265993869962 0.0
65519 114.1708050500648 28.87479480483016 1.1595235205158536 0.8404764794841464 -23.89968648380237 23.992760532266516 0.0
65520 -104.61781634350149 -52.03012945344463 1.0684941707159634 0.9315058292840366 -32.234300257762975 18.93649279392423 0.0
65521 -1.2975414999501007 -16.320759619174336 1.2261064623504823 0.7738935376495176 70.38977069891504 24.097011440164465 0.0
65531 -234.6597379186985 -178.50060016739286 1.1698759871298712 0.8301240128701288 -78.82703502673806 20.460809581643957 0.0
65534 -47.28960654768634 -156.7327356375369 1.3038049934944147 0.6961950065055852 13.535968465023075 21.332200878030676 0.0
65537 -5.616684591863208 -9.609515266957182 1.335777840571088 0.664222159428912 46.731188914954316 24.487302654153723 0.0
65542 -216.8178999471074 -259.3335815306209 1.1834982001967984 0.8165017998032016 66.79579912647608 22.158241145975012 0.0
65545 91.18248069352312 -53.196632108845314 1.1935271893623076 0.8064728106376924 49.48255949139477 19.0147265127963 0.0
65550 -239.8704590313694 -282.18058948617795 1.0499613930018614 0.9500386069981385 -48.97075197951081 23.383817546731848 0.0
65557 -6.343821709657027 -195.43801317268208 1.3420479670359131 0.6579520329640869 -46.51169613979152 21.422485225564856 0.0
65559 -52.30505408808752 -97.06638175270278 1.2293346826881315 0.7706653173118685 58.56660409730202 24.055698268777746 0.0
65562 7.738999995741986 17.68767462506236 1.1461803643949349 0.853819635605065 50.81247937657909 23.428615444070715 0.0
65574 -462.58510698320055 -181.80483456132518 1.1776935737286947 0.8223064262713055 -19.61785230118619 24.088397853738684 0.0
65587 -122.15903578936155 -37.90362813319581 1.0684863942423388 0.9315136057576612 -5.1705917650848505 17.070869319803137 0.0
65593 0.6757493356175772 57.898614177971425 1.3002634236095418 0.6997365763904582 -1.7612455107335876 19.221517436868567 0.0
65607 -38.03209758863642 115.7869507995076 1.299810921003381 0.7001890789966189 53.299880250725295 19.90717493808927 0.0
65636 -23.145057092179222 5.143916995841785 1.365299044525392 0.6347009554746079 84.91783706018529 18.669420116311926 0.0
65640 -207.06706827916557 -54.08050196227667 1.206735221730568 0.793264778269432 19.119592641795847 18.523424022561926 0.0
65647 -484.04978359821666 -206.06500652672887 1.243992602058361 0.7560073979416391 -53.99311868946778 22.889594905740637 0.0
65650 3.597144752336913 -210.56143746715 1.2605764682908074 0.7394235317091925 -81.75300773271262 22.070859783059973 0.0
65659 -22.122440226872012 -32.13278019480388 1.3471420768742743 0.6528579231257258 14.090743673305695 22.500568263894934 0.0
65671 331.3458500832971 63.98806636585605 1.2195920136856442 0.7804079863143558 3.4754320457989394 19.977876537210363 0.0
65674 -51.56763941385846 27.266357222713797 1.1677211340574687 0.8322788659425313 -25.850522061213468 21.2560595206088 0.0
65675 153.0739255465885 132.97616393746043 1.3521964260411419 0.6478035739588581 34.064064314056395 18.960401409036535 0.0
65679 28.283835309803383 120.67392888446817 1.0685952016037001 0.9314047983962999 -62.90596284504071 23.828740947610754 0.0
65680 57.66223037996071 37.338362529257154 1.2023933704912504 0.7976066295087496 47.38850896249505 18.26109110630216 0.0
65711 -26.865532521739112 -41.19244619247527 1.3523709555332342 0.6476290444667658 87.04823493449831 18.39348398960294 0.0
65712 68.02971543401746 3.350483397890953 1.326800970236334 0.6731990297636661 24.002188870088162 23.902818553811926 0.0
65753 -6.9193648700309325 0.9969229742190873 1.0906281128969233 0.9093718871030767 39.91751793962709 23.655021541482824 0.0
65756 276.792580524999 165.60226684115622 1.3671701446101516 0.6328298553898484 34.73427265042449 20.22937380588712 0.0
65763 184.00937041668595 163.84480469072875 1.106073304264364 0.893926695735636 -50.870125289555816 20.150070064432043 0.0
65817 -109.35063108193333 -138.65451386793512 1.1335801745920653 0.8664198254079347 -41.18781459621245 23.57530772007169 0.0
65839 -3.5252018572901744 -38.01154247576592 1.3543739233283714 0.6456260766716286 17.024018131305397 19.222942226297278 0.0
65861 61.73471211742786 45.14416664182826 1.1109563308316779 0.889043669168322 84.04901316372624 18.149249904519934 0.0
65873 -24.732939561425088 -7.266232399720564 1.1760794256650664 0.8239205743349335 37.68324197954914 20.05736147678556 0.0
65875 287.2628411434082 150.35551186946532 1.2447882076462764 0.7552117923537235 -65.7661672005639 23.193658702737707 0.0
65888 39.00332667176738 -17.45129082705165 1.194658910275968 0.805341089724032 -51.40390423504492 18.774942272073645 0.0
65900 -79.2039886682412 -296.79527473710107 1.3409568189366343 0.6590431810633656 36.82760801953256 23.80323969639005 0.0
65911 -68.60525859439136 -21.819252312032187 1.370673682324049 0.6293263176759509 -2.750849840669872 19.482738368875403 0.0
65921 243.75794475300208 165.13977680157004 1.0853667545081738 0.9146332454918263 38.473110850744376 19.320293300516028 0.0
65944 -180.77964830690917 -14.650656698446483 1.1068688905983426 0.8931311094016575 -34.19864558615232 18.17761408603849 0.0
66055 -331.40751542190856 105.18051255833133 1.153167278250641 0.846832721749359 58.683333471112434 19.310680263406653 0.0
66064 -92.49543852812609 -42.07631604590663 1.371511236637918 0.6284887633620819 6.288883131967964 24.381488674051184 0.0
66148 399.3627185717705 -5.81709694235055 1.1973259114703703 0.8026740885296297 -26.60339379840169 23.10729586399259 0.0
66207 4.393655376068658 17.898364531984953 1.2086684316832206 0.7913315683167795 -15.392157526609168 19.97145258701505 0.0
66209 -238.46500318884918 -95.23697670722858 1.117008811472864 0.8829911885271361 -43.762564705885936 21.763109081155676 0.0
66242 -99.19897471301681 270.1815423480255 1.2315928364521542 0.7684071635478458 2.151085885589424 22.504297130472082 0.0
66296 -251.9748511229831 -238.45472563241395 1.105136618124454 0.894863381875546 -73.54770692300431 23.29237543857755 0.0
66320 -22.936936574365443 10.339221773859812 1.3612216836504802 0.6387783163495198 -18.103680452081818 24.48450934208097 0.0
66370 -20.156857558630772 -289.8373690304379 1.2569611952302908 0.7430388047697092 83.95246993646506 22.450816982156653 0.0
66444 575.4814950352945 119.16312808848667 1.3464865255241802 0.6535134744758198 -2.546037919815703 19.93748270786466 0.0
66481 57.15349133641592 154.1376526376367 1.3008834256807975 0.6991165743192025 32.19901891467238 24.095262401468176 0.0
66526 -395.53175941053166 -433.09108940314667 1.3433088758983902 0.6566911241016099 -40.447414549589425 24.333159320718664 0.0
66684 1.8653764929975705 -11.00212416393333 1.383718238710634 0.616281761289366 -38.209387182093344 22.172214382058996 0.0
66753 -25.285358219819685 61.76297539762479 1.127288463898346 0.872711536101654 -29.761026587533983 21.93540751255216 0.0
66780 360.39793273663525 38.18626093516514 1.3352741169408444 0.6647258830591556 3.0539246543970506 21.56032549656095 0.0
66841 -325.84735739043924 97.42609622793647 1.1489436802172492 0.8510563197827508 84.68851809793142 19.0221785239047 0.0
68017 582.3777354033462 124.1682980724526 1.3196244052657822 0.6803755947342178 -86.19698882373483 21.387296550638098 0.0
